34
11
18
35
32
32
11
32
47
45
41
46
42
40
48
42
39
47
19
14
14
15
12
12
11
13
11
13
14
15
11
11
16
17
16
17
17
17
13
12
12
13
13
12
15
14
15
16
16
17
16
15
14
16
17
16
16
17
15
20
13
15
19
11
15
19
20
17
22
13
7
14
18
14
45
25
9
7
9
10
11
11
12
13
12
13
13
12
11
11
10
12
9
9
11
12
9
10
14
7
9
11
10
9
9
8
9
9
10
8
8
9
10
20
23
40
25
37
30
21
13
6
11
12
12
13
12
14
11
7
9
8
9
12
11
14
11
9
12
7
8
6
8
9
9
8
21
19
12
14
18
12
10
9
10
24
24
17
14
8
8
11
10
8
9
10
8
13
11
12
11
9
7
9
9
13
16
11
13
8
10
7
8
11
14
9
8
9
15
11
8
9
14
17
14
17
13
11
11
11
11
11
12
14
15
13
14
11
22
14
10
10
13
22
30
14
10
12
10
11
12
12
15
16
17
15
18
16
18
15
12
10
12
19
17
25
27
26
37
19
20
23
20
19
19
20
20
19
15
15
13
15
15
15
21
25
24
29
31
26
25
30
25
30
25
21
24
22
25
23
24
22
22
29
26
25
24
32
33
27
27
29
28
37
23
23
19
16
17
16
16
15
16
14
20
16
11
15
20
24
24
27
29
26
17
19
16
31
17
14
14
15
16
15
18
17
16
17
17
16
16
16
18
17
31
30
16
19
16
21
20
16
17
29
23
17
23
39
34
29
24
24
40
23
28
31
21
17
21
23
21
20
19
19
18
16
15
12
20
19
20
19
21
20
20
19
20
19
20
24
13
15
18
20
22
24
25
29
29
35
41
33
36
39
44
40
32
12
12
11
13
16
17
23
21
17
27
31
21
14
16
24
30
31
23
19
20
19
15
17
17
16
24
26
29
31
25
18
17
19
26
21
21
19
17
18
21
21
18
15
14
16
19
17
12
12
15
15
11
13
12
13
12
9
8
7
9
13
16
13
11
9
16
16
10
12
9
8
18
19
12
18
11
9
10
11
15
21
12
16
22
16
11
19
14
30
17
11
10
19
10
9
8
10
8
9
9
9
10
11
11
13
9
8
9
9
10
9
9
7
9
9
9
10
11
9
8
7
9
8
7
8
7
7
7
9
11
8
10
8
15
11
10
11
10
9
11
11
10
11
9
10
9
9
13
21
12
12
13
15
20
19
21
19
20
13
11
8
10
11
14
15
12
12
10
15
14
13
11
18
16
14
13
9
10
17
13
12
7
6
8
10
6
5
10
10
14
10
9
13
11
14
16
14
9
13
18
23
34
53
35
19
17
18
20
19
22
20
17
26
18
13
21
20
25
21
16
20
21
36
37
32
31
30
19
20
19
20
21
19
19
18
21
21
23
30
29
33
28
17
16
16
15
16
19
21
17
23
19
20
18
22
28
23
28
27
23
20
22
23
22
22
23
21
10
9
13
11
9
10
14
24
18
12
22
14
12
12
7
6
7
8
8
12
11
11
10
7
11
7
8
7
11
15
14
13
14
11
8
8
11
12
14
9
9
10
10
11
12
10
8
9
9
8
12
13
22
16
13
16
9
8
9
7
22
16
11
10
12
12
15
17
25
17
18
20
21
17
15
18
12
10
11
13
13
15
12
13
13
10
10
17
19
18
19
25
20
19
14
23
23
31
24
17
12
15
15
13
19
18
17
14
13
18
19
16
12
17
18
16
15
19
22
21
21
20
21
14
13
19
16
15
15
17
15
17
20
23
17
20
16
43
33
21
20
21
20
19
26
21
22
20
18
17
19
20
15
19
20
18
18
22
22
17
16
21
17
21
22
20
23
36
21
22
18
16
19
21
21
22
22
23
22
22
22
21
16
29
47
42
29
33
37
33
33
39
41
34
27
31
26
20
23
24
30
22
19
20
19
16
16
14
14
16
22
27
26
33
34
37
29
28
31
31
26
21
17
17
20
21
21
22
26
27
29
20
17
21
24
25
31
24
25
25
34
36
26
28
31
27
36
29
22
24
19
17
16
18
17
15
15
16
14
12
17
19
16
13
15
18
19
19
22
25
25
19
15
19
18
19
15
14
13
12
13
14
20
16
16
17
18
17
16
15
16
17
18
17
36
27
18
24
16
17
19
16
17
16
31
21
22
21
22
34
43
37
31
32
28
36
26
32
32
28
26
23
21
24
27
19
19
20
20
20
20
15
15
20
16
15
18
17
16
20
19
17
20
19
26
28
27
29
33
29
24
26
25
32
31
23
15
21
28
30
28
27
21
29
25
21
15
12
17
18
14
11
26
31
20
12
15
17
22
29
28
20
18
19
18
14
19
20
25
29
32
30
21
16
18
20
31
20
19
18
20
21
20
18
15
13
15
18
16
14
12
13
15
15
14
16
16
15
16
15
12
14
12
12
13
8
9
7
8
10
11
13
13
11
10
16
9
10
8
20
18
13
8
8
14
22
17
14
16
13
15
15
25
14
11
13
8
9
8
13
13
18
23
21
21
23
22
21
21
20
21
19
19
20
19
17
18
18
15
17
16
19
20
18
17
17
17
18
18
18
19
20
17
17
16
17
17
19
19
16
17
15
18
18
16
16
16
17
17
17
17
18
18
19
19
19
22
21
19
20
19
19
20
21
20
27
21
21
21
21
21
21
21
21
19
21
19
18
18
21
18
18
18
20
19
18
17
17
15
21
12
13
13
18
13
15
14
15
13
14
9
18
12
13
15
15
14
9
17
16
12
22
19
13
12
10
14
17
19
11
8
7
7
10
6
4
5
5
7
7
10
10
16
28
28
37
41
47
50
40
35
25
20
24
25
27
30
26
27
25
20
19
20
27
22
20
24
17
32
24
22
20
20
33
38
38
33
27
28
24
30
18
16
17
18
19
18
19
19
17
16
19
22
20
25
26
31
33
36
48
41
51
44
39
42
30
35
41
42
32
50
53
49
43
40
43
39
41
45
46
34
37
35
37
37
37
35
40
46
43
47
44
53
51
43
24
39
30
45
44
42
53
49
49
53
42
41
52
39
48
53
53
53
53
53
53
53
53
53
53
53
41
40
50
53
53
53
53
53
53
53
53
52
34
41
31
34
41
45
26
24
23
22
25
24
17
20
19
15
20
27
23
18
16
23
19
18
18
38
16
20
25
13
13
13
14
14
13
15
18
16
16
16
17
19
20
21
20
18
17
15
15
15
19
19
22
17
13
12
12
13
13
14
16
16
20
16
18
23
20
20
20
21
20
19
22
21
22
19
15
15
14
14
14
14
14
14
16
15
14
14
15
15
15
15
19
21
22
20
21
16
15
14
13
14
13
15
22
17
14
14
16
15
16
15
15
16
18
19
17
16
17
23
21
24
22
21
17
23
23
20
13
29
13
14
25
18
20
23
33
13
23
21
19
18
19
35
18
20
22
28
27
19
35
41
43
45
39
31
52
53
53
53
53
53
53
53
53
53
34
42
53
53
53
53
53
53
53
53
53
53
53
49
37
35
45
42
39
43
42
50
48
53
39
49
38
33
39
37
36
33
32
39
43
37
36
53
50
34
48
23
34
32
44
51
46
43
44
50
40
48
48
49
51
51
52
53
42
49
53
53
52
53
53
53
53
52
53
52
51
47
36
38
42
42
33
31
29
26
27
32
26
26
25
21
19
22
25
25
30
37
33
28
21
20
18
20
21
29
25
24
26
25
19
21
26
27
28
27
30
25
23
21
16
17
28
